[PAPER]
name=Foma Fomaspeed Variant
surface=133 glossy
b+f=0.07
dmax=1.98

[DEVELOPER]
developer=Adox Adotol Konstant
dilution=1+0
temperatur=20°C
time=1:15

[ENLARGER]
name=Durst 605M
lamp=OSRAM 64627 HLX 100W
l=49
f=8
t=80.6
type=contact

[WEDGE]
data=(0.10, 0.25, 0.43, 0.59, 0.78, 0.91, 1.06, 1.21, 1.37, 1.51, 1.65, 1.79, 1.94, 2.05, 2.22, 2.36, 2.51, 2.65, 2.80, 2.95, 3.00)

[M1]
y=130
m=0
data=(1.98, 1.979, 1.978, 1.977, 1.976, 1.88, 1.69, 1.55, 1.49, 1.43, 1.34, 1.21, 1.00, 0.83, 0.66, 0.50, 0.36, 0.26, 0.17, 0.09, 0.08)

[M2]
y=110
m=2
data=(1.98, 1.979, 1.978, 1.977, 1.976, 1.94, 1.78, 1.59, 1.51, 1.43, 1.35, 1.20, 1.01, 0.85, 0.66, 0.50, 0.36, 0.25, 0.16, 0.09, 0.07)

[M3]
y=95
m=4
data=(1.98, 1.979, 1.978, 1.977, 1.976, 1.97, 1.89, 1.66, 1.51, 1.43, 1.35, 1.20, 1.00, 0.82, 0.65, 0.49, 0.35, 0.25, 0.14, 0.08, 0.07)

[M4]
y=80
m=8
data=(1.98, 1.979, 1.978, 1.977, 1.976, 1.975, 1.95, 1.76, 1.54, 1.44, 1.34, 1.18, 0.98, 0.79, 0.61, 0.45, 0.32, 0.22, 0.12, 0.08, 0.07)

[M5]
y=65
m=12
data=(1.98, 1.979, 1.978, 1.977, 1.976, 1.975, 1.974, 1.89, 1.61, 1.45, 1.33, 1.17, 0.95, 0.77, 0.57, 0.42, 0.30, 0.20, 0.10, 0.08, 0.07)

[M6]
y=50
m=20
data=(1.98, 1.979, 1.978, 1.977, 1.976, 1.975, 1.974, 1.96, 1.82, 1.59, 1.37, 1.19, 0.95, 0.74, 0.55, 0.39, 0.27, 0.18, 0.08, 0.07, 0.069)

[M7]
y=35
m=30
data=(1.98, 1.979, 1.978, 1.977, 1.976, 1.975, 1.974, 1.973, 1.96, 1.81, 1.49, 1.20, 0.93, 0.72, 0.51, 0.35, 0.23, 0.11, 0.08, 0.07, 0.069)

[M8]
y=20
m=50
data=(1.98, 1.979, 1.978, 1.977, 1.976, 1.975, 1.974, 1.973, 1.972, 1.92, 1.61, 1.12, 0.77, 0.53, 0.32, 0.20, 0.10, 0.07, 0.069, 0.068, 0.067)

[M9]
y=10
m=70
data=(1.98, 1.979, 1.978, 1.977, 1.976, 1.975, 1.974, 1.973, 1.972, 1.96, 1.73, 1.17, 0.68, 0.40, 0.22, 0.11, 0.07, 0.069, 0.068, 0.067, 0.066)

[M10]
y=4
m=95
data=(1.98, 1.979, 1.978, 1.977, 1.976, 1.975, 1.974, 1.973, 1.972, 1.971, 1.85, 1.32, 0.71, 0.35, 0.13, 0.08, 0.07, 0.069, 0.068, 0.067, 0.066)

[M11]
y=0
m=130
data=(1.98, 1.979, 1.978, 1.977, 1.976, 1.975, 1.974, 1.973, 1.972, 1.971, 1.90, 1.42, 0.67, 0.27, 0.10, 0.08, 0.08, 0.079, 0.078, 0.077, 0.076)
