[PAPER]
name=Foma Fomaspeed Variant
surface=133 glossy
b+f=0.07
dmax=1.98

[DEVELOPER]
developer=Adox Adotol Konstant
dilution=1+0
temperatur=20°C
time=1:30

[ENLARGER]
name=Durst 605M
lamp=OSRAM 64627 HLX 100W
l=26.3
f=8
t=20.1
type=enlarged

[WEDGE]
type=Kodak 21 step tablet no.2
data=(0.09, 0.27, 0.45, 0.62, 0.77, 0.92, 1.08, 1.22, 1.37, 1.52, 1.68, 1.82, 1.96, 2.11, 2.25, 2.41, 2.55, 2.69, 2.83, 2.97, 3.00)

[M1]
y=130
m=0
data=(1.96, 1.959, 1.958, 1.957, 1.94, 1.84, 1.64, 1.53, 1.47, 1.40, 1.30, 1.12, 0.94, 0.80, 0.63, 0.50, 0.39, 0.30, 0.23, 0.18, 0.11)

[M2]
y=110
m=2
data=(1.97, 1.969, 1.968, 1.967, 1.96, 1.92, 1.75, 1.58, 1.49, 1.40, 1.30, 1.14, 0.95, 0.81, 0.67, 0.52, 0.40, 0.31, 0.24, 0.17, 0.10)

[M3]
y=95
m=4
data=(1.95, 1.949, 1.948, 1.947, 1.946, 1.94, 1.81, 1.61, 1.50, 1.41, 1.31, 1.14, 0.93, 0.80, 0.65, 0.51, 0.40, 0.30, 0.23, 0.15, 0.10)

[M4]
y=80
m=8
data=(1.97, 1.969, 1.968, 1.967, 1.966, 1.96, 1.92, 1.74, 1.54, 1.41, 1.31, 1.13, 0.93, 0.79, 0.63, 0.48, 0.37, 0.28, 0.21, 0.11, 0.09)

[M5]
y=65
m=12
data=(1.98, 1.979, 1.978, 1.977, 1.976, 1.975, 1.96, 1.85, 1.60, 1.43, 1.28, 1.05, 0.86, 0.71, 0.57, 0.43, 0.32, 0.24, 0.13, 0.09, 0.08)

[M6]
y=50
m=20
data=(1.98, 1.979, 1.978, 1.977, 1.976, 1.975, 1.96, 1.90, 1.68, 1.45, 1.28, 1.05, 0.85, 0.70, 0.53, 0.40, 0.30, 0.22, 0.12, 0.09, 0.07)

[M7]
y=35
m=30
data=(1.99, 1.989, 1.988, 1.987, 1.986, 1.985, 1.984, 1.96, 1.92, 1.70, 1.36, 1.07, 0.86, 0.68, 0.51, 0.36, 0.26, 0.15, 0.10, 0.09, 0.08)

[M8]
y=20
m=50
data=(1.98, 1.979, 1.978, 1.977, 1.976, 1.975, 1.974, 1.95, 1.92, 1.84, 1.44, 0.95, 0.69, 0.51, 0.34, 0.22, 0.12, 0.09, 0.08, 0.07, 0.069)

[M9]
y=10
m=70
data=(1.98, 1.979, 1.978, 1.977, 1.976, 1.975, 1.974, 1.973, 1.972, 1.94, 1.63, 1.00, 0.60, 0.40, 0.24, 0.11, 0.08, 0.07, 0.069, 0.068, 0.067)

[M10]
y=4
m=95
data=(1.98, 1.979, 1.978, 1.977, 1.976, 1.975, 1.974, 1.973, 1.972, 1.93, 1.78, 1.19, 0.65, 0.38, 0.16, 0.08, 0.07, 0.069, 0.068, 0.067, 0.066)

[M11]
y=0
m=130
data=(1.98, 1.979, 1.978, 1.977, 1.976, 1.975, 1.974, 1.973, 1.972, 1.92, 1.80, 1.23, 0.56, 0.26, 0.10, 0.08, 0.07, 0.069, 0.068, 0.067, 0.066)
